00000000000000000000000000000000000000000000000000000000000000012
00000000000000000000000000000000000000000000000000000000000000010
00000000000000000000000000000000000000000000000000000000000000002
00000000000000000000000000000000000000000000000000000000000000002
00000000000000000000000000000000000000000000000000000000000000002
00000000000000000000000000000000000000000000000000000000000000002
0000000000000000000000000000000000000000000000000000000000000000002
00000000000000000000000000000000000000000000000000000000000000000002
0000000000000000000000000000000000000000000000000000000000000000002
000000022222000000000000000000000000000222220000000000000000000002
00000020000000000000000000000000000000000000000000000000000000002
220000000000000002222020222022222221200000000000221200222202022202
1122222222222222211000022112000000000000000000000000000000000000
1111111111111111111000011111000000000000000000000000000000000000
1111111111111111111000001100000000000000000000000000000000000000
1111111111111111111000001000000000000000000000000000000000000000
1111111111111111111000001000000000000000000000000000000000000000
1111111111111111111000000000000000000000000000000000000000000000

