00000000000000
0f000000000000
111110001000000
0000000111001100
0000000000000000
0000000000000000011
0000001100000100
0000011110010000
0000111111000000
010000000000000
000000000000000
0110000100000001000
0000001000011000100000
00000000000000000001000
00000000000000000000000
000000000000000011
01000011001111100
0010000000000000
001100000000000
0000110001110000
0000000001111000
00000000000000001
00000000000000011
00000000000000000
00000000001111000
0000000000000000
0000011100000000
0000111100000000
000000000000000
011000000000000